-13363
-37909
25399
-19105
19095
-17605
36869
-43541
52687
21641
29777
-9087
-58721
-40673
-59605
-2041
-23555
29719
-12483
52033
39843
8563
34635
38079
-42747
56241
-23367
15869
35309
-33191
-14729
-4901
28191
17823
-24289
63575
-5235
49311
-51741
-13891
-39447
-48835
61349
-49699
46917
61187
-52405
-34691
-32503
-44499
12413
-22419
17141
-23545
3187
24937
-12259
60629
25657
43457
-64569
-16993
25247
-48343
40441
20979
42991
-60217
-55953
46825
3825
-3245
12163
-14459
-391
-10557
40515
34351
57607
9159
13037
38975
57171
-551
-44783
-33593
-36007
64451
16679
-16699
44721
2661
57413
-13499
-57171
41043
35889
-64765
-8131
-52461
-4073
20177
34449
20409
48033
-29399
55893
-43743
25041
-12949
-9149
-64611
-10413
64765
48623
-21971
-31205
11163
-48153
60605
10693
-46295
-58849
-54947
51493
30823
-45013
-13163
-44277
52529
21429
28663
49979
-28447
-5879
40981
29999
-34505
-14833
-4211
32435
42593
-13467
-37219
29643
-59869
-35577
37653
-13455
-29737
8985
2849
43563
-31245
51757
64359
24851
-33113
-64397
-40819
-52335
-23813
32691
5607
-39013
-7605
-19403
-2873
-18035
63667
-13407
-65343
-8077
-51559
-64249
-14075
-23103
49405
-25899
-55551
2569
51
35661
-10321
56593
-497
-43881
37299
-4805
22513
-16341
38565
30905
-26653
-34165
-64979
-43259
64679
27769
49609
-29773
52073
64783
27079
45365
10991
-24327
7115
49283
-3665
12429
-12443
11439
-7135
-21261
-14491
-20343
-64691
-60293
-37805
24709
-23349
59859
37067
-18389
6783
38883
65343
48569
-22873
28975
-17629
21905
63313
-4757
52441
32095
27205
25625
23505
-53169
-52307
-6355
6331
-46337
-52269
-15429
-48147
31579
-32385
-3693
60505
13877
38443
53139
41327
16361
-51137
-30501
56903
-36581
1465
32581
35323
-57229
37647
-49963
13381
56857
-32495
-39511
-23205
18575
-14155
-7449
-53205
-9219
-9955
55425
-7871
-21419
-14703
-21457
-5629
33021
47527
15551
871
22659
-23611
60337
40197
65447
47879
38421
6655
24609
-20165
-52009
-49921
6801
17339
-63927
-42677
1585
41867
-40157
-15
-38257
5023
-9933
36375
-56647
40087
29629
-35831
43119
-45943
-35979
16375
-9641
21835
52435
61121
-60789
46147
7063
16861
-1523
-61019
1043
64367
29839
-3197
42091
-31561
51333
62131
-53627
-42967
50139
-59755
-62799
5291
-39437
-9833
33191
55221
-3997
2029
56565
-17955
48013
-41869
46635
49195
-58533
-54523
53721
43767
-35119
-37225
58669
48743
-12685
24387
-60281
-30323
4051
-26169
-60061
-24221
40439
52499
35491
-18015
10603
-4109
63265
-34685
-61529
43495
-8109
-5977
12645
-8835
-32667
-15685
-11161
57125
-61999
45353
3509
-3669
9935
-27403
-10285
13505
3103
38097
-64291
-7495
-49119
15343
2251
31147
-39601
-46553
-55877
28677
25941
23929
-50941
26171
3499
-42671
38093
-1251
-22495
35289
-45661
-23987
22503
-55343
1189
57097
-13923
-59399
-37435
26035
49771
-27067
-62925
25031
-51951
-46525
-38419
-63217
39571
35573
-65189
-10359
133
54021
34215
38345
24803
-63041
18239
-27049
-18935
26789
28385
40481
45919
61507
-49487
48031
-63413
48433
-42135
44619
-28169
-61915
32193
55541
-1079
-46321
-42293
44407
-29283
62685
-3111
-2593
-40057
-3199
8077
26517
55395
-59343
-2519
-26685
-54117
-53579
-13039
-32497
-7991
-30705
60777
-13137
-60833
18713
-26413
-15593
-19333
-57529
-18335
7685
44241
-34483
-33883
-52987
-37131
18977
-58411
-11223
51235
33795
38611
26819
14323
21621
17307
-18345
34217
6825
32303
25825
17137
-26039
-11773
3213
-57157
17005
-42807
18831
-51141
-32995
-23591
7273
49495
-2551
-46637
-42717
42179
-42227
52791
20951
25533
-33857
-4009
60081
11649
-40035
-22249
-40703
-45543
-48715
5101
-59601
-65081
-8555
-54689
48521
-52801
-19461
-6269
27185
13155
14247
39769
60725
-45559
-58691
-54735
52607
37295
-7299
-57981
-38021
21101
20757
2875
27007
473
3875
-4837
2561
60597
5705
-10677
31229
-21241
-2021
-11085
38977
25651
6949
44083
-34695
-34997
-59459
-9311
-1783
-26527
-53905
-52465
-6567
-60317
-52769
-65043
-17629
21905
63313
-4757
52441
32095
27205
25625
23505
-53169
-52307
-6355
6331
-46337
-52269
-15429
-48147
31579
-32385
-3693
60505
13877
38443
53139
41327
16361
-51137
-30501
56903
-36581
1465
32581
35323
-57229
37647
-49963
13381
56857
-32495
-39511
-23205
18575
-14155
-7449
-53205
-9219
-9955
55425
-7871
-21419
-14703
-21457
-5629
33021
47527
15551
871
22659
-23611
60337
40197
65447
47879
38421
6655
24609
-20165
-52009
-49921
6801
17339
-63927
-42677
1585
41867
-40157
-15
-38257
5023
-9933
36375
-56647
40087
29629
-35831
43119
-45943
-35979
16375
-9641
21835
52435
61121
-60789
46147
7063
16861
-1523
-61019
1043
64367
29839
-3197
42091
-31561
51333
62131
-53627
-42967
50139
-59755
-62799
5291
-39437
-9833
33191
55221
-3997
2029
56565
-17955
48013
-41869
46635
49195
-58533
-54523
53721
43767
-35119
-37225
58669
48743
-12685
24387
-60281
-30323
4051
-26169
-60061
-24221
40439
52499
35491
-18015
10603
-4109
63265
-34685
-61529
43495
-8109
-5977
12645
-8835
-32667
-15685
-11161
57125
-61999
45353
3509
-3669
9935
-27403
-10285
13505
3103
38097
-64291
-7495
-49119
15343
2251
31147
-39601
-46553
-55877
28677
25941
23929
-50941
26171
3499
-42671
38093
-1251
-22495
35289
-45661
-23987
22503
-55343
1189
57097
-13923
-59399
-37435
26035
49771
-27067
-62925
25031
-51951
-46525
-38419
-63217
39571
35573
-65189
-10359
133
54021
34215
38345
24803
-63041
18239
-27049
-18935
26789
28385
40481
45919
61507
-49487
48031
-63413
48433
-42135
44619
-28169
-61915
32193
55541
-1079
-46321
-42293
44407
-29283
62685
-3111
-2593
-40057
-3199
8077
26517
55395
-59343
-2519
-26685
-54117
-53579
-13039
-32497
-7991
-30705
60777
-13137
-60833
18713
-26413
-15593
-19333
-57529
-18335
7685
44241
-34483
-33883
-52987
-37131
18977
-58411
-11223
51235
33795
38611
26819
14323
21621
17307
-18345
34217
6825
32303
25825
17137
-26039
-11773
3213
-57157
17005
-42807
18831
-51141
-32995
-23591
7273
49495
-2551
-46637
-42717
42179
-42227
52791
20951
25533
-33857
-4009
60081
11649
-40035
-22249
-40703
-45543
-48715
5101
-59601
-65081
-8555
-54689
48521
-52801
-19461
-6269
27185
13155
14247
39769
60725
-45559
-58691
-54735
52607
37295
-7299
-57981
-38021
21101
20757
2875
27007
473
3875
-4837
2561
60597
5705
-10677
31229
-21241
-2021
-11085
38977
25651
6949
44083
-34695
-34997
-59459
-9311
-1783
-26527
-53905
-52465
-6567
-60317
-52769
-65043
-17629
21905
63313
-4757
52441
32095
27205
25625
23505
-53169
-52307
-6355
6331
-46337
-52269
-15429
-48147
31579
-32385
-3693
60505
13877
38443
53139
41327
16361
-51137
-30501
56903
-36581
1465
32581
35323
-57229
37647
-49963
13381
56857
-32495
-39511
-23205
18575
-14155
-7449
-53205
-9219
-9955
55425
-7871
-21419
-14703
-21457
-5629
33021
47527
15551
871
22659
-23611
60337
40197
65447
47879
38421
6655
24609
-20165
-52009
-49921
6801
17339
-63927
-42677
1585
41867
-40157
-15
-38257
5023
-9933
36375
-56647
40087
29629
-35831
43119
-45943
-35979
16375
-9641
21835
52435
61121
-60789
46147
7063
16861
-1523
-61019
1043
64367
29839
-3197
42091
-31561
51333
62131
-53627
-42967
50139
-59755
-62799
5291
-39437
-9833
33191
55221
-3997
2029
56565
-17955
48013
-41869
46635
49195
-58533
-54523
53721
43767
-35119
-37225
58669
48743
-12685
24387
-60281
-30323
4051
-26169
-60061
-24221
40439
52499
35491
-18015
10603
-4109
63265
-34685
-61529
43495
-8109
-5977
12645
-8835
-32667
-15685
-11161
57125
-61999
45353
3509
-3669
9935
-27403
-10285
13505
3103
38097
-64291
-7495
-49119
15343
2251
31147
-39601
-46553
-55877
28677
25941
23929
-50941
26171
3499
-42671
38093
-1251
-22495
35289
-45661
-23987
22503
-55343
1189
57097
-13923
-59399
-37435
26035
49771
-27067
-62925
25031
-51951
-46525
-38419
-63217
39571
35573
-65189
-10359
133
54021
34215
38345
24803
-63041
18239
-27049
-18935
26789
28385
40481
45919
61507
-49487
48031
-63413
48433
-42135
44619
-28169
-61915
32193
55541
-1079
-46321
-42293
44407
-29283
62685
-3111
-2593
-40057
-3199
8077
26517
55395
-59343
-2519
-26685
-54117
-53579
-13039
-32497
-7991
-30705
60777
-13137
-60833
18713
-26413
-15593
-19333
-57529
-18335
7685
44241
-34483
-33883
-52987
-37131
18977
-58411
-11223
51235
33795
38611
26819
14323
21621
17307
-18345
34217
6825
32303
25825
17137
-26039
-11773
3213
-57157
17005
-42807
18831
-51141
-32995
-23591
7273
49495
-2551
-46637
-42717
42179
-42227
52791
20951
25533
-33857
-4009
60081
11649
-40035
-22249
-40703
-45543
-48715
5101
-59601
-65081
-8555
-54689
48521
-52801
-19461
-6269
27185
13155
14247
39769
60725
-45559
-58691
-54735
52607
37295
-7299
-57981
-38021
21101
20757
2875
27007
473
3875
-4837
2561
60597
5705
-10677
31229
-21241
-2021
-11085
38977
25651
6949
44083
-34695
-34997
-59459
-9311
-1783
-26527
-53905
-52465
-6567
-60317
-52769
-65043
-17629
21905
63313
-4757
52441
32095
27205
25625
23505
-53169
-52307
-6355
6331
-46337
-52269
-15429
-48147
31579
-32385
-3693
60505
13877
38443
53139
41327
16361
-51137
-30501
56903
-36581
1465
32581
35323
-57229
37647
-49963
13381
56857
-32495
-39511
-23205
18575
-14155
-7449
-53205
-9219
-9955
55425
-7871
-21419
-14703
-21457
-5629
33021
47527
15551
871
22659
-23611
60337
40197
65447
47879
38421
6655
24609
-20165
-52009
-49921
6801
17339
-63927
-42677
1585
41867
-40157
-15
-38257
5023
-9933
36375
-56647
40087
29629
-35831
43119
-45943
-35979
16375
-9641
21835
52435
61121
-60789
46147
7063
16861
-1523
-61019
1043
64367
29839
-3197
42091
-31561
51333
62131
-53627
-42967
50139
-59755
-62799
5291
-39437
-9833
33191
55221
-3997
2029
56565
-17955
48013
-41869
46635
49195
-58533
-54523
53721
43767
-35119
-37225
58669
48743
-12685
24387
-60281
-30323
4051
-26169
-60061
-24221
40439
52499
35491
-18015
10603
-4109
63265
-34685
-61529
43495
-8109
-5977
12645
-8835
-32667
-15685
-11161
57125
-61999
45353
3509
-3669
9935
-27403
-10285
13505
3103
38097
-64291
-7495
-49119
15343
2251
31147
-39601
-46553
-55877
28677
25941
23929
-50941
26171
3499
-42671
38093
-1251
-22495
35289
-45661
-23987
22503
-55343
1189
57097
-13923
-59399
-37435
26035
49771
-27067
-62925
25031
-51951
-46525
-38419
-63217
39571
35573
-65189
-10359
133
54021
34215
38345
24803
-63041
18239
-27049
-18935
26789
28385
40481
45919
61507
-49487
48031
-63413
48433
-42135
44619
-28169
-61915
32193
55541
-1079
-46321
-42293
44407
-29283
62685
-3111
-2593
-40057
-3199
8077
26517
55395
-59343
-2519
-26685
-54117
-53579
-13039
-32497
-7991
-30705
60777
-13137
-60833
18713
-26413
-15593
-19333
-57529
-18335
7685
44241
-34483
-33883
-52987
-37131
18977
-58411
-11223
51235
33795
38611
26819
14323
21621
17307
-18345
34217
6825
32303
25825
17137
-26039
-11773
3213
-57157
17005
-42807
18831
-51141
-32995
-23591
7273
49495
-2551
-46637
-42717
42179
-42227
52791
20951
25533
-33857
-4009
60081
11649
-40035
-22249
-40703
-45543
-48715
5101
-59601
-65081
-8555
-54689
48521
-52801
-19461
-6269
27185
13155
14247
39769
60725
-45559
-58691
-54735
52607
37295
-7299
-57981
-38021
21101
20757
2875
27007
473
3875
-4837
2561
60597
5705
-10677
31229
-21241
-2021
-11085
38977
25651
6949
44083
-34695
-34997
-59459
-9311
-1783
-26527
-53905
-52465
-6567
-60317
-52769
-65043
-17629
21905
63313
-4757
52441
32095
27205
25625
23505
-53169
-52307
-6355
6331
-46337
-52269
-15429
-48147
31579
-32385
-3693
60505
13877
38443
53139
41327
16361
-51137
-30501
56903
-36581
1465
32581
35323
-57229
37647
-49963
13381
56857
-32495
-39511
-23205
18575
-14155
-7449
-53205
-9219
-9955
55425
-7871
-21419
-14703
-21457
-5629
33021
47527
15551
871
22659
-23611
60337
40197
65447
47879
38421
6655
24609
-20165
-52009
-49921
6801
17339
-63927
-42677
1585
41867
-40157
-15
-38257
5023
-9933
36375
-56647
40087
29629
-35831
43119
-45943
-35979
16375
-9641
21835
52435
61121
-60789
46147
7063
16861
-1523
-61019
1043
64367
29839
-3197
42091
-31561
51333
62131
-53627
-42967
50139
-59755
-62799
5291
-39437
-9833
33191
55221
-3997
2029
56565
-17955
48013
-41869
46635
49195
-58533
-54523
53721
43767
-35119
-37225
58669
48743
-12685
24387
-60281
-30323
4051
-26169
-60061
-24221
40439
52499
35491
-18015
10603
-4109
63265
-34685
-61529
43495
-8109
-5977
12645
-8835
-32667
-15685
-11161
57125
-61999
45353
3509
-3669
9935
-27403
-10285
13505
3103
38097
-64291
-7495
-49119
15343
2251
31147
-39601
-46553
-55877
28677
25941
23929
-50941
26171
3499
-42671
38093
-1251
-22495
35289
-45661
-23987
22503
-55343
1189
57097
-13923
-59399
-37435
26035
49771
-27067
-62925
25031
-51951
-46525
-38419
-63217
39571
35573
-65189
-10359
133
54021
34215
38345
24803
-63041
18239
-27049
-18935
26789
28385
40481
45919
61507
-49487
48031
-63413
48433
-42135
44619
-28169
-61915
32193
55541
-1079
-46321
-42293
44407
-29283
62685
-3111
-2593
-40057
-3199
8077
26517
55395
-59343
-2519
-26685
-54117
-53579
-13039
-32497
-7991
-30705
60777
-13137
-60833
18713
-26413
-15593
-19333
-57529
-18335
7685
44241
-34483
-33883
-52987
-37131
18977
-58411
-11223
51235
33795
38611
26819
14323
21621
17307
-18345
34217
6825
32303
25825
17137
-26039
-11773
3213
-57157
17005
-42807
18831
-51141
-32995
-23591
7273
49495
-2551
-46637
-42717
42179
-42227
52791
20951
25533
-33857
-4009
60081
11649
-40035
-22249
-40703
-45543
-48715
5101
-59601
-65081
-8555
-54689
48521
-52801
-19461
-6269
27185
13155
14247
39769
60725
-45559
-58691
-54735
52607
37295
-7299
-57981
-38021
21101
20757
2875
27007
473
3875
-4837
2561
60597
5705
-10677
31229
-21241
-2021
-11085
38977
25651
6949
44083
-34695
-34997
-59459
-9311
-1783
-26527
-53905
-52465
-6567
-60317
-52769
-65043
-17629
21905
63313
-4757
52441
32095
27205
25625
23505
-53169
-52307
-6355
6331
-46337
-52269
-15429
-48147
31579
-32385
-3693
60505
13877
38443
53139
41327
16361
-51137
-30501
56903
-36581
1465
32581
35323
-57229
37647
-49963
13381
56857
-32495
-39511
-23205
18575
-14155
-7449
-53205
-9219
-9955
55425
-7871
-21419
-14703
-21457
-5629
33021
47527
15551
871
22659
-23611
60337
40197
65447
47879
38421
6655
24609
-20165
-52009
-49921
6801
17339
-63927
-42677
1585
41867
-40157
-15
-38257
5023
-9933
36375
-56647
40087
29629
-35831
43119
-45943
-35979
16375
-9641
21835
52435
61121
-60789
46147
7063
16861
-1523
-61019
1043
64367
29839
-3197
42091
-31561
51333
62131
-53627
-42967
50139
-59755
-62799
5291
-39437
-9833
33191
55221
-3997
2029
56565
-17955
48013
-41869
46635
49195
-58533
-54523
53721
43767
-35119
-37225
58669
48743
-12685
24387
-60281
-30323
4051
-26169
-60061
-24221
40439
52499
35491
-18015
10603
-4109
63265
-34685
-61529
43495
-8109
-5977
12645
-8835
-32667
-15685
-11161
57125
-61999
45353
3509
-3669
9935
-27403
-10285
13505
3103
38097
-64291
-7495
-49119
15343
2251
31147
-39601
-46553
-55877
28677
25941
23929
-50941
26171
3499
-42671
38093
-1251
-22495
35289
-45661
-23987
22503
-55343
1189
57097
-13923
-59399
-37435
26035
49771
-27067
-62925
25031
-51951
-46525
-38419
-63217
39571
35573
-65189
-10359
133
54021
34215
38345
24803
-63041
18239
-27049
-18935
26789
28385
40481
45919
61507
-49487
48031
-63413
48433
-42135
44619
-28169
-61915
32193
55541
-1079
-46321
-42293
44407
-29283
62685
-3111
-2593
-40057
-3199
8077
26517
55395
-59343
-2519
-26685
-54117
-53579
-13039
-32497
-7991
-30705
60777
-13137
-60833
18713
-26413
-15593
-19333
-57529
-18335
7685
44241
-34483
-33883
-52987
-37131
18977
-58411
-11223
51235
33795
38611
26819
14323
21621
17307
-18345
34217
6825
32303
25825
17137
-26039
-11773
3213
-57157
17005
-42807
18831
-51141
-32995
-23591
7273
49495
-2551
-46637
-42717
42179
-42227
52791
20951
25533
-33857
-4009
60081
11649
-40035
-22249
-40703
-45543
-48715
5101
-59601
-65081
-8555
-54689
48521
-52801
-19461
-6269
27185
13155
14247
39769
60725
-45559
-58691
-54735
52607
37295
-7299
-57981
-38021
21101
20757
2875
27007
473
3875
-4837
2561
60597
5705
-10677
31229
-21241
-2021
-11085
38977
25651
6949
44083
-34695
-34997
-59459
-9311
-1783
-26527
-53905
-52465
-6567
-60317
-52769
-65043
-17629
21905
63313
-4757
52441
32095
27205
25625
23505
-53169
-52307
-6355
6331
-46337
-52269
-15429
-48147
31579
-32385
-3693
60505
13877
38443
53139
41327
16361
-51137
-30501
56903
-36581
1465
32581
35323
-57229
37647
-49963
13381
56857
-32495
-39511
-23205
18575
-14155
-7449
-53205
-9219
-9955
55425
-7871
-21419
-14703
-21457
-5629
33021
47527
15551
871
22659
-23611
60337
40197
65447
47879
38421
6655
24609
-20165
-52009
-49921
6801
17339
-63927
-42677
1585
41867
-40157
-15
-38257
5023
-9933
36375
-56647
40087
29629
-35831
43119
-45943
-35979
16375
-9641
21835
52435
61121
-60789
46147
7063
16861
-1523
-61019
1043
64367
29839
-3197
42091
-31561
51333
62131
-53627
-42967
50139
-59755
-62799
5291
-39437
-9833
33191
55221
-3997
2029
56565
-17955
48013
-41869
46635
49195
-58533
-54523
53721
43767
-35119
-37225
58669
48743
-12685
24387
-60281
-30323
4051
-26169
-60061
-24221
40439
52499
35491
-18015
10603
-4109
63265
-34685
-61529
43495
-8109
-5977
12645
-8835
-32667
-15685
-11161
57125
-61999
45353
3509
-3669
9935
-27403
-10285
13505
3103
38097
-64291
-7495
-49119
15343
2251
31147
-39601
-46553
-55877
28677
25941
23929
-50941
26171
3499
-42671
38093
-1251
-22495
35289
-45661
-23987
22503
-55343
1189
57097
-13923
-59399
-37435
26035
49771
-27067
-62925
25031
-51951
-46525
-38419
-63217
39571
35573
-65189
-10359
133
54021
34215
38345
24803
-63041
18239
-27049
-18935
26789
28385
40481
45919
61507
-49487
48031
-63413
48433
-42135
44619
-28169
-61915
32193
55541
-1079
-46321
-42293
44407
-29283
62685
-3111
-2593
-40057
-3199
8077
26517
55395
-59343
-2519
-26685
-54117
-53579
-13039
-32497
-7991
-30705
60777
-13137
-60833
18713
-26413
-15593
-19333
-57529
-18335
7685
44241
-34483
-33883
-52987
-37131
18977
-58411
-11223
51235
33795
38611
26819
14323
21621
17307
-18345
34217
6825
32303
25825
17137
-26039
-11773
3213
-57157
17005
-42807
18831
-51141
-32995
-23591
7273
49495
-2551
-46637
-42717
42179
-42227
52791
20951
25533
-33857
-4009
60081
11649
-40035
-22249
-40703
-45543
-48715
5101
-59601
-65081
-8555
-54689
48521
-52801
-19461
-6269
27185
13155
14247
39769
60725
-45559
-58691
-54735
52607
37295
-7299
-57981
-38021
21101
20757
2875
27007
473
3875
-4837
2561
60597
5705
-10677
31229
-21241
-2021
-11085
38977
25651
6949
44083
-34695
-34997
-59459
-9311
-1783
-26527
-53905
-52465
-6567
-60317
-52769
-65043
-17629
21905
63313
-4757
52441
32095
27205
25625
23505
-53169
-52307
-6355
6331
-46337
-52269
-15429
-48147
31579
-32385
-3693
60505
13877
38443
53139
41327
16361
-51137
-30501
56903
-36581
1465
32581
35323
-57229
37647
-49963
13381
56857
-32495
-39511
-23205
18575
-14155
-7449
-53205
-9219
-9955
55425
-7871
-21419
-14703
-21457
-5629
33021
47527
15551
871
22659
-23611
60337
40197
65447
47879
38421
6655
24609
-20165
-52009
-49921
6801
17339
-63927
-42677
1585
41867
-40157
-15
-38257
5023
-9933
36375
-56647
40087
29629
-35831
43119
-45943
-35979
16375
-9641
21835
52435
61121
-60789
46147
7063
16861
-1523
-61019
1043
64367
29839
-3197
42091
-31561
51333
62131
-53627
-42967
50139
-59755
-62799
5291
-39437
-9833
33191
55221
-3997
2029
56565
-17955
48013
-41869
46635
49195
-58533
-54523
53721
43767
-35119
-37225
58669
48743
-12685
24387
-60281
-30323
4051
-26169
-60061
-24221
40439
52499
35491
-18015
10603
-4109
63265
-34685
-61529
43495
-8109
-5977
12645
-8835
-32667
-15685
-11161
57125
-61999
45353
3509
-3669
9935
-27403
-10285
13505
3103
38097
-64291
-7495
-49119
15343
2251
31147
-39601
-46553
-55877
28677
25941
23929
-50941
26171
3499
-42671
38093
-1251
-22495
35289
-45661
-23987
22503
-55343
1189
57097
-13923
-59399
-37435
26035
49771
-27067
-62925
25031
-51951
-46525
-38419
-63217
39571
35573
-65189
-10359
133
54021
34215
38345
24803
-63041
18239
-27049
-18935
26789
28385
40481
45919
61507
-49487
48031
-63413
48433
-42135
44619
-28169
-61915
32193
55541
-1079
-46321
-42293
44407
-29283
62685
-3111
-2593
-40057
-3199
8077
26517
55395
-59343
-2519
-26685
-54117
-53579
-13039
-32497
-7991
-30705
60777
-13137
-60833
18713
-26413
-15593
-19333
-57529
-18335
7685
44241
-34483
-33883
-52987
-37131
18977
-58411
-11223
51235
33795
38611
26819
14323
21621
17307
-18345
34217
6825
32303
25825
17137
-26039
-11773
3213
-57157
17005
-42807
18831
-51141
-32995
-23591
7273
49495
-2551
-46637
-42717
42179
-42227
52791
20951
25533
-33857
-4009
60081
11649
-40035
-22249
-40703
-45543
-48715
5101
-59601
-65081
-8555
-54689
48521
-52801
-19461
-6269
27185
13155
14247
39769
60725
-45559
-58691
-54735
52607
37295
-7299
-57981
-38021
21101
20757
2875
27007
473
3875
-4837
2561
60597
5705
-10677
31229
-21241
-2021
-11085
38977
25651
6949
44083
-34695
-34997
-59459
-9311
-1783
-26527
-53905
-52465
-6567
-60317
-52769
-65043
-17629
21905
63313
-4757
52441
32095
27205
25625
23505
-53169
-52307
-6355
6331
-46337
-52269
-15429
-48147
31579
-32385
-3693
60505
13877
38443
53139
41327
16361
-51137
-30501
56903
-36581
1465
32581
35323
-57229
37647
-49963
13381
56857
-32495
-39511
-23205
18575
-14155
-7449
-53205
-9219
-9955
55425
-7871
-21419
-14703
-21457
-5629
33021
47527
15551
871
22659
-23611
60337
40197
65447
47879
38421
6655
24609
-20165
-52009
-49921
6801
17339
-63927
-42677
1585
41867
-40157
-15
-38257
5023
-9933
36375
-56647
40087
29629
-35831
43119
-45943
-35979
16375
-9641
21835
52435
61121
-60789
46147
7063
16861
-1523
-61019
1043
64367
29839
-3197
42091
-31561
51333
62131
-53627
-42967
50139
-59755
-62799
5291
-39437
-9833
33191
55221
-3997
2029
56565
-17955
48013
-41869
46635
49195
-58533
-54523
53721
43767
-35119
-37225
58669
48743
-12685
24387
-60281
-30323
4051
-26169
-60061
-24221
40439
52499
35491
-18015
10603
-4109
63265
-34685
-61529
43495
-8109
-5977
12645
-8835
-32667
-15685
-11161
57125
-61999
45353
3509
-3669
9935
-27403
-10285
13505
3103
38097
-64291
-7495
-49119
15343
2251
31147
-39601
-46553
-55877
28677
25941
23929
-50941
26171
3499
-42671
38093
-1251
-22495
35289
-45661
-23987
22503
-55343
1189
57097
-13923
-59399
-37435
26035
49771
-27067
-62925
25031
-51951
-46525
-38419
-63217
39571
35573
-65189
-10359
133
54021
34215
38345
24803
-63041
18239
-27049
-18935
26789
28385
40481
45919
61507
-49487
48031
-63413
48433
-42135
44619
-28169
-61915
32193
55541
-1079
-46321
-42293
44407
-29283
62685
-3111
-2593
-40057
-3199
8077
26517
55395
-59343
-2519
-26685
-54117
-53579
-13039
-32497
-7991
-30705
60777
-13137
-60833
18713
-26413
-15593
-19333
-57529
-18335
7685
44241
-34483
-33883
-52987
-37131
18977
-58411
-11223
51235
33795
38611
26819
14323
21621
17307
-18345
34217
6825
32303
25825
17137
-26039
-11773
3213
-57157
17005
-42807
18831
-51141
-32995
-23591
7273
49495
-2551
-46637
-42717
42179
-42227
52791
20951
25533
-33857
-4009
60081
11649
-40035
-22249
-40703
-45543
-48715
5101
-59601
-65081
-8555
-54689
48521
-52801
-19461
-6269
27185
13155
14247
39769
60725
-45559
-58691
-54735
52607
37295
-7299
-57981
-38021
21101
20757
2875
27007
473
3875
-4837
2561
60597
5705
-10677
31229
-21241
-2021
-11085
38977
25651
6949
44083
-34695
-34997
-59459
-9311
-1783
-26527
-53905
-52465
-6567
-60317
-52769
-65043
-17629
21905
63313
-4757
52441
32095
27205
25625
23505
-53169
-52307
-6355
6331
-46337
-52269
-15429
-48147
31579
-32385
-3693
60505
13877
38443
53139
41327
16361
-51137
-30501
56903
-36581
1465
32581
35323
-57229
37647
-49963
13381
56857
-32495
-39511
-23205
18575
-14155
-7449
-53205
-9219
-9955
55425
-7871
-21419
-14703
-21457
-5629
33021
47527
15551
871
22659
-23611
60337
40197
65447
47879
38421
6655
24609
-20165
-52009
-49921
6801
17339
-63927
-42677
1585
41867
-40157
-15
-38257
5023
-9933
36375
-56647
40087
29629
-35831
43119
-45943
-35979
16375
-9641
21835
52435
61121
-60789
46147
7063
16861
-1523
-61019
1043
64367
29839
-3197
42091
-31561
51333
62131
-53627
-42967
50139
-59755
-62799
5291
-39437
-9833
33191
55221
-3997
2029
56565
-17955
48013
-41869
46635
49195
-58533
-54523
53721
43767
-35119
-37225
58669
48743
-12685
24387
-60281
-30323
4051
-26169
-60061
-24221
40439
52499
35491
-18015
10603
-4109
63265
-34685
-61529
43495
-8109
-5977
12645
-8835
-32667
-15685
-11161
57125
-61999
45353
3509
-3669
9935
-27403
-10285
13505
3103
38097
-64291
-7495
-49119
15343
2251
31147
-39601
-46553
-55877
28677
25941
23929
-50941
26171
3499
-42671
38093
-1251
-22495
35289
-45661
-23987
22503
-55343
1189
57097
-13923
-59399
-37435
26035
49771
-27067
-62925
25031
-51951
-46525
-38419
-63217
39571
35573
-65189
-10359
133
54021
34215
38345
24803
-63041
18239
-27049
-18935
26789
28385
40481
45919
61507
-49487
48031
-63413
48433
-42135
44619
-28169
-61915
32193
55541
-1079
-46321
-42293
44407
-29283
62685
-3111
-2593
-40057
-3199
8077
26517
55395
-59343
-2519
-26685
-54117
-53579
-13039
-32497
-7991
-30705
60777
-13137
-60833
18713
-26413
-15593
-19333
-57529
-18335
7685
44241
-34483
-33883
-52987
-37131
18977
-58411
-11223
51235
33795
38611
26819
14323
21621
17307
-18345
34217
6825
32303
25825
17137
-26039
-11773
3213
-57157
17005
-42807
18831
-51141
-32995
-23591
7273
49495
-2551
-46637
-42717
42179
-42227
52791
20951
25533
-33857
-4009
60081
11649
-40035
-22249
-40703
-45543
-48715
5101
-59601
-65081
-8555
-54689
48521
-52801
-19461
-6269
27185
13155
14247
39769
60725
-45559
-58691
-54735
52607
37295
-7299
-57981
-38021
21101
20757
2875
27007
473
3875
-4837
2561
60597
5705
-10677
31229
-21241
-2021
-11085
38977
25651
6949
44083
-34695
-34997
-59459
-9311
-1783
-26527
-53905
-52465
-6567
-60317
-52769
-65043
-17629
21905
63313
-4757
52441
32095
27205
25625
23505
-53169
-52307
-6355
6331
-46337
-52269
-15429
-48147
31579
-32385
-3693
60505
13877
38443
53139
41327
16361
-51137
-30501
56903
-36581
1465
32581
35323
-57229
37647
-49963
13381
56857
-32495
-39511
-23205
18575
-14155
-7449
-53205
-9219
-9955
55425
-7871
-21419
-14703
-21457
-5629
33021
47527
15551
871
22659
-23611
60337
40197
65447
47879
38421
6655
24609
-20165
-52009
-49921
6801
17339
-63927
-42677
1585
41867
-40157
-15
-38257
5023
-9933
36375
-56647
40087
29629
-35831
43119
-45943
-35979
16375
-9641
21835
52435
61121
-60789
46147
7063
16861
-1523
-61019
1043
64367
29839
-3197
42091
-31561
51333
62131
-53627
-42967
50139
-59755
-62799
5291
-39437
-9833
33191
55221
-3997
2029
56565
-17955
48013
-41869
46635
49195
-58533
-54523
53721
43767
-35119
-37225
58669
48743
-12685
24387
-60281
-30323
4051
-26169
-60061
-24221
40439
52499
35491
-18015
10603
-4109
63265
-34685
-61529
43495
-8109
-5977
12645
-8835
-32667
-15685
-11161
57125
-61999
45353
3509
-3669
9935
-27403
-10285
13505
3103
38097
-64291
-7495
-49119
15343
2251
31147
-39601
-46553
-55877
28677
25941
23929
-50941
26171
3499
-42671
38093
-1251
-22495
35289
-45661
-23987
22503
-55343
1189
57097
-13923
-59399
-37435
26035
49771
-27067
-62925
25031
-51951
-46525
-38419
-63217
39571
35573
-65189
-10359
133
54021
34215
38345
24803
-63041
18239
-27049
-18935
26789
28385
40481
45919
61507
-49487
48031
-63413
48433
-42135
44619
-28169
-61915
32193
55541
-1079
-46321
-42293
44407
-29283
62685
-3111
-2593
-40057
-3199
8077
26517
55395
-59343
-2519
-26685
-54117
-53579
-13039
-32497
-7991
-30705
60777
-13137
-60833
18713
-26413
-15593
-19333
-57529
-18335
7685
44241
-34483
-33883
-52987
-37131
18977
-58411
-11223
51235
33795
38611
26819
14323
21621
17307
-18345
34217
6825
32303
25825
17137
-26039
-11773
3213
-57157
17005
-42807
18831
-51141
-32995
-23591
7273
49495
-2551
-46637
-42717
42179
-42227
52791
20951
25533
-33857
-4009
60081
11649
-40035
-22249
-40703
-45543
-48715
5101
-59601
-65081
-8555
-54689
48521
-52801
-19461
-6269
27185
13155
14247
39769
60725
-45559
-58691
-54735
52607
37295
-7299
-57981
-38021
21101
20757
2875
27007
473
3875
-4837
2561
60597
5705
-10677
31229
-21241
-2021
-11085
38977
25651
6949
44083
-34695
-34997
-59459
-9311
-1783
-26527
-53905
-52465
-6567
-60317
-52769
-65043
-17629
21905
63313
-4757
52441
32095
27205
25625
23505
-53169
-52307
-6355
6331
-46337
-52269
-15429
-48147
31579
-32385
-3693
60505
13877
38443
53139
41327
16361
-51137
-30501
56903
-36581
1465
32581
35323
-57229
37647
-49963
13381
56857
-32495
-39511
-23205
18575
-14155
-7449
-53205
-9219
-9955
55425
-7871
-21419
-14703
-21457
-5629
33021
47527
15551
871
22659
-23611
60337
40197
65447
47879
38421
6655
24609
-20165
-52009
-49921
6801
17339
-63927
-42677
1585
41867
-40157
-15
-38257
5023
-9933
36375
-56647
40087
29629
-35831
43119
-45943
-35979
16375
-9641
21835
52435
61121
-60789
46147
7063
16861
-1523
-61019
1043
64367
29839
-3197
42091
-31561
51333
62131
-53627
-42967
50139
-59755
-62799
5291
-39437
-9833
33191
55221
-3997
2029
56565
-17955
48013
-41869
46635
49195
-58533
-54523
53721
43767
-35119
-37225
58669
48743
-12685
24387
-60281
-30323
4051
-26169
-60061
-24221
40439
52499
35491
-18015
10603
-4109
63265
-34685
-61529
43495
-8109
-5977
12645
-8835
-32667
-15685
-11161
57125
-61999
45353
3509
-3669
9935
-27403
-10285
13505
3103
38097
-64291
-7495
-49119
15343
2251
31147
-39601
-46553
-55877
28677
25941
23929
-50941
26171
3499
-42671
38093
-1251
-22495
35289
-45661
-23987
22503
-55343
1189
57097
-13923
-59399
-37435
26035
49771
-27067
-62925
25031
-51951
-46525
-38419
-63217
39571
35573
-65189
-10359
133
54021
34215
38345
24803
-63041
18239
-27049
-18935
26789
28385
40481
45919
61507
-49487
48031
-63413
48433
-42135
44619
-28169
-61915
32193
55541
-1079
-46321
-42293
44407
-29283
62685
-3111
-2593
-40057
-3199
8077
26517
55395
-59343
-2519
-26685
-54117
-53579
-13039
-32497
-7991
-30705
60777
-13137
-60833
18713
-26413
-15593
-19333
-57529
-18335
7685
44241
-34483
-33883
-52987
-37131
18977
-58411
-11223
51235
33795
38611
26819
14323
21621
17307
-18345
34217
6825
32303
25825
17137
-26039
-11773
3213
-57157
17005
-42807
18831
-51141
-32995
-23591
7273
49495
-2551
-46637
-42717
42179
-42227
52791
20951
25533
-33857
-4009
60081
11649
-40035
-22249
-40703
-45543
-48715
5101
-59601
-65081
-8555
-54689
48521
-52801
-19461
-6269
27185
13155
14247
39769
60725
-45559
-58691
-54735
52607
37295
-7299
-57981
-38021
21101
20757
2875
27007
473
3875
-4837
2561
60597
5705
-10677
31229
-21241
-2021
-11085
38977
25651
6949
44083
-34695
-34997
-59459
-9311
-1783
-26527
-53905
-52465
-6567
-60317
-52769
-65043
-17629
21905
63313
-4757
52441
32095
27205
25625
23505
-53169
-52307
-6355
6331
-46337
-52269
-15429
-48147
31579
-32385
-3693
60505
13877
38443
53139
41327
16361
-51137
-30501
56903
-36581
1465
32581
35323
-57229
37647
-49963
13381
56857
-32495
-39511
-23205
18575
-14155
-7449
-53205
-9219
-9955
55425
-7871
-21419
-14703
-21457
-5629
33021
47527
15551
871
22659
-23611
60337
40197
65447
47879
38421
6655
24609
-20165
-52009
-49921
6801
17339
-63927
-42677
1585
41867
-40157
-15
-38257
5023
-9933
36375
-56647
40087
29629
-35831
43119
-45943
-35979
16375
-9641
21835
52435
61121
-60789
46147
7063
16861
-1523
-61019
1043
64367
29839
-3197
42091
-31561
51333
62131
-53627
-42967
50139
-59755
-62799
5291
-39437
-9833
33191
55221
-3997
2029
56565
-17955
48013
-41869
46635
49195
-58533
-54523
53721
43767
-35119
-37225
58669
48743
-12685
24387
-60281
-30323
4051
-26169
-60061
-24221
40439
52499
35491
-18015
10603
-4109
63265
-34685
-61529
43495
-8109
-5977
12645
-8835
-32667
-15685
-11161
57125
-61999
45353
3509
-3669
9935
-27403
-10285
13505
3103
38097
-64291
-7495
-49119
15343
2251
31147
-39601
-46553
-55877
28677
25941
23929
-50941
26171
3499
-42671
38093
-1251
-22495
35289
-45661
-23987
22503
-55343
1189
57097
-13923
-59399
-37435
26035
49771
-27067
-62925
25031
-51951
-46525
-38419
-63217
39571
35573
-65189
-10359
133
54021
34215
38345
24803
-63041
18239
-27049
-18935
26789
28385
40481
45919
61507
-49487
48031
-63413
48433
-42135
44619
-28169
-61915
32193
55541
-1079
-46321
-42293
44407
-29283
62685
-3111
-2593
-40057
-3199
8077
26517
55395
-59343
-2519
-26685
-54117
-53579
-13039
-32497
-7991
-30705
60777
-13137
-60833
18713
-26413
-15593
-19333
-57529
-18335
7685
44241
-34483
-33883
-52987
-37131
18977
-58411
-11223
51235
33795
38611
26819
14323
21621
17307
-18345
34217
6825
32303
25825
17137
-26039
-11773
3213
-57157
17005
-42807
18831
-51141
-32995
-23591
7273
49495
-2551
-46637
-42717
42179
-42227
52791
20951
25533
-33857
-4009
60081
11649
-40035
-22249
-40703
-45543
-48715
5101
-59601
-65081
-8555
-54689
48521
-52801
-19461
-6269
27185
13155
14247
39769
60725
-45559
-58691
-54735
52607
37295
-7299
-57981
-38021
21101
20757
2875
27007
473
3875
-4837
2561
60597
5705
-10677
31229
-21241
-2021
-11085
38977
25651
6949
44083
-34695
-34997
-59459
-9311
-1783
-26527
-53905
-52465
-6567
-60317
-52769
-65043
-17629
21905
63313
-4757
52441
32095
27205
25625
23505
-53169
-52307
-6355
6331
-46337
-52269
-15429
-48147
31579
-32385
-3693
60505
13877
38443
53139
41327
16361
-51137
-30501
56903
-36581
1465
32581
35323
-57229
37647
-49963
13381
56857
-32495
-39511
-23205
18575
-14155
-7449
-53205
-9219
-9955
55425
-7871
-21419
-14703
-21457
-5629
33021
47527
15551
871
22659
-23611
60337
40197
65447
47879
38421
6655
24609
-20165
-52009
-49921
6801
17339
-63927
-42677
1585
41867
-40157
-15
-38257
5023
-9933
36375
-56647
40087
29629
-35831
43119
-45943
-35979
16375
-9641
21835
52435
61121
-60789
46147
7063
16861
-1523
-61019
1043
64367
29839
-3197
42091
-31561
51333
62131
-53627
-42967
50139
-59755
-62799
5291
-39437
-9833
33191
55221
-3997
2029
56565
-17955
48013
-41869
46635
49195
-58533
-54523
53721
43767
-35119
-37225
58669
48743
-12685
24387
-60281
-30323
4051
-26169
-60061
-24221
40439
52499
35491
-18015
10603
-4109
63265
-34685
-61529
43495
-8109
-5977
12645
-8835
-32667
-15685
-11161
57125
-61999
45353
3509
-3669
9935
-27403
-10285
13505
3103
38097
-64291
-7495
-49119
15343
2251
31147
-39601
-46553
-55877
28677
25941
23929
-50941
26171
3499
-42671
38093
-1251
-22495
35289
-45661
-23987
22503
-55343
1189
57097
-13923
-59399
-37435
26035
49771
-27067
-62925
25031
-51951
-46525
-38419
-63217
39571
35573
-65189
-10359
133
54021
34215
38345
24803
-63041
18239
-27049
-18935
26789
28385
40481
45919
61507
-49487
48031
-63413
48433
-42135
44619
-28169
-61915
32193
55541
-1079
-46321
-42293
44407
-29283
62685
-3111
-2593
-40057
-3199
8077
26517
55395
-59343
-2519
-26685
-54117
-53579
-13039
-32497
-7991
-30705
60777
-13137
-60833
18713
-26413
-15593
-19333
-57529
-18335
7685
44241
-34483
-33883
-52987
-37131
18977
-58411
-11223
51235
33795
38611
26819
14323
21621
17307
-18345
34217
6825
32303
25825
17137
-26039
-11773
3213
-57157
17005
-42807
18831
-51141
-32995
-23591
7273
49495
-2551
-46637
-42717
42179
-42227
52791
20951
25533
-33857
-4009
60081
11649
-40035
-22249
-40703
-45543
-48715
5101
-59601
-65081
-8555
-54689
48521
-52801
-19461
-6269
27185
13155
14247
39769
60725
-45559
-58691
-54735
52607
37295
-7299
-57981
-38021
21101
20757
2875
27007
473
3875
-4837
2561
60597
5705
-10677
31229
-21241
-2021
-11085
38977
25651
6949
44083
-34695
-34997
-59459
-9311
-1783
-26527
-53905
-52465
-6567
-60317
-52769
-65043
-17629
21905
63313
-4757
52441
32095
27205
25625
23505
-53169
-52307
-6355
6331
-46337
-52269
-15429
-48147
31579
-32385
-3693
60505
13877
38443
53139
41327
16361
-51137
-30501
56903
-36581
1465
32581
35323
-57229
37647
-49963
13381
56857
-32495
-39511
-23205
18575
-14155
-7449
-53205
-9219
-9955
55425
-7871
-21419
-14703
-21457
-5629
33021
47527
15551
871
22659
-23611
60337
40197
65447
47879
38421
6655
24609
-20165
-52009
-49921
6801
17339
-63927
-42677
1585
41867
-40157
-15
-38257
5023
-9933
36375
-56647
40087
29629
-35831
43119
-45943
-35979
16375
-9641
21835
52435
61121
-60789
46147
7063
16861
-1523
-61019
1043
64367
29839
-3197
42091
-31561
51333
62131
-53627
-42967
50139
-59755
-62799
5291
-39437
-9833
33191
55221
-3997
2029
56565
-17955
48013
-41869
46635
49195
-58533
-54523
53721
43767
-35119
-37225
58669
48743
-12685
24387
-60281
-30323
4051
-26169
-60061
-24221
40439
52499
35491
-18015
10603
-4109
63265
-34685
-61529
43495
-8109
-5977
12645
-8835
-32667
-15685
-11161
57125
-61999
45353
3509
-3669
9935
-27403
-10285
13505
3103
38097
-64291
-7495
-49119
15343
2251
31147
-39601
-46553
-55877
28677
25941
23929
-50941
26171
3499
-42671
38093
-1251
-22495
35289
-45661
-23987
22503
-55343
1189
57097
-13923
-59399
-37435
26035
49771
-27067
-62925
25031
-51951
-46525
-38419
-63217
39571
35573
-65189
-10359
133
54021
34215
38345
24803
-63041
18239
-27049
-18935
26789
28385
40481
45919
61507
-49487
48031
-63413
48433
-42135
44619
-28169
-61915
32193
55541
-1079
-46321
-42293
44407
-29283
62685
-3111
-2593
-40057
-3199
8077
26517
55395
-59343
-2519
-26685
-54117
-53579
-13039
-32497
-7991
-30705
60777
-13137
-60833
18713
-26413
-15593
-19333
-57529
-18335
7685
44241
-34483
-33883
-52987
-37131
18977
-58411
-11223
51235
33795
38611
26819
14323
21621
17307
-18345
34217
6825
32303
25825
17137
-26039
-11773
3213
-57157
17005
-42807
18831
-51141
-32995
-23591
7273
49495
-2551
-46637
-42717
42179
-42227
52791
20951
25533
-33857
-4009
60081
11649
-40035
-22249
-40703
-45543
-48715
5101
-59601
-65081
-8555
-54689
48521
-52801
-19461
-6269
27185
13155
14247
39769
60725
-45559
-58691
-54735
52607
37295
-7299
-57981
-38021
21101
20757
2875
27007
473
3875
-4837
2561
60597
5705
-10677
31229
-21241
-2021
-11085
38977
25651
6949
44083
-34695
-34997
-59459
-9311
-1783
-26527
-53905
-52465
-6567
-60317
-52769
-65043
-17629
21905
63313
-4757
52441
32095
27205
25625
23505
-53169
-52307
-6355
6331
-46337
-52269
-15429
-48147
31579
-32385
-3693
60505
13877
38443
53139
41327
16361
-51137
-30501
56903
-36581
1465
32581
35323
-57229
37647
-49963
13381
56857
-32495
-39511
-23205
18575
-14155
-7449
-53205
-9219
-9955
55425
-7871
-21419
-14703
-21457
-5629
33021
47527
15551
871
22659
-23611
60337
40197
65447
47879
38421
6655
24609
-20165
-52009
-49921
6801
17339
-63927
-42677
1585
41867
-40157
-15
-38257
5023
-9933
36375
-56647
40087
29629
-35831
43119
-45943
-35979
16375
-9641
21835
52435
61121
-60789
46147
7063
16861
-1523
-61019
1043
64367
29839
-3197
42091
-31561
51333
62131
-53627
-42967
50139
-59755
-62799
5291
-39437
-9833
33191
55221
-3997
2029
56565
-17955
48013
-41869
46635
49195
-58533
-54523
53721
43767
-35119
-37225
58669
48743
-12685
24387
-60281
-30323
4051
-26169
-60061
-24221
40439
52499
35491
-18015
10603
-4109
63265
-34685
-61529
43495
-8109
-5977
12645
-8835
-32667
-15685
-11161
57125
-61999
45353
3509
-3669
9935
-27403
-10285
13505
3103
38097
-64291
-7495
-49119
15343
2251
31147
-39601
-46553
-55877
28677
25941
23929
-50941
26171
3499
-42671
38093
-1251
-22495
35289
-45661
-23987
22503
-55343
1189
57097
-13923
-59399
-37435
26035
49771
-27067
-62925
25031
-51951
-46525
-38419
-63217
39571
35573
-65189
-10359
133
54021
34215
38345
24803
-63041
18239
-27049
-18935
26789
28385
40481
45919
61507
-49487
48031
-63413
48433
-42135
44619
-28169
-61915
32193
55541
-1079
-46321
-42293
44407
-29283
62685
-3111
-2593
-40057
-3199
8077
26517
55395
-59343
-2519
-26685
-54117
-53579
-13039
-32497
-7991
-30705
60777
-13137
-60833
18713
-26413
-15593
-19333
-57529
-18335
7685
44241
-34483
-33883
-52987
-37131
18977
-58411
-11223
51235
33795
38611
26819
14323
21621
17307
-18345
34217
6825
32303
25825
17137
-26039
-11773
3213
-57157
17005
-42807
18831
-51141
-32995
-23591
7273
49495
-2551
-46637
-42717
42179
-42227
52791
20951
25533
-33857
-4009
60081
11649
-40035
-22249
-40703
-45543
-48715
5101
-59601
-65081
-8555
-54689
48521
-52801
-19461
-6269
27185
13155
14247
39769
60725
-45559
-58691
-54735
52607
37295
-7299
-57981
-38021
21101
20757
2875
27007
473
3875
-4837
2561
60597
5705
-10677
31229
-21241
-2021
-11085
38977
25651
6949
44083
-34695
-34997
-59459
-9311
-1783
-26527
-53905
-52465
-6567
-60317
-52769
-65043
-17629
21905
63313
-4757
52441
32095
27205
25625
23505
-53169
-52307
-6355
6331
-46337
-52269
-15429
-48147
31579
-32385
-3693
60505
13877
38443
53139
41327
16361
-51137
-30501
56903
-36581
1465
32581
35323
-57229
37647
-49963
13381
56857
-32495
-39511
-23205
18575
-14155
-7449
-53205
-9219
-9955
55425
-7871
-21419
-14703
-21457
-5629
33021
47527
15551
871
22659
-23611
60337
40197
65447
47879
38421
6655
24609
-20165
-52009
-49921
6801
17339
-63927
-42677
1585
41867
-40157
-15
-38257
5023
-9933
36375
-56647
40087
29629
-35831
43119
-45943
-35979
16375
-9641
21835
52435
61121
-60789
46147
7063
16861
-1523
-61019
1043
64367
29839
-3197
42091
-31561
51333
62131
-53627
-42967
50139
-59755
-62799
5291
-39437
-9833
33191
55221
-3997
2029
56565
-17955
48013
-41869
46635
49195
-58533
-54523
53721
43767
-35119
-37225
58669
48743
-12685
24387
-60281
-30323
4051
-26169
-60061
-24221
40439
52499
35491
-18015
10603
-4109
63265
-34685
-61529
43495
-8109
-5977
12645
-8835
-32667
-15685
-11161
57125
-61999
45353
3509
-3669
9935
-27403
-10285
13505
3103
38097
-64291
-7495
-49119
15343
2251
31147
-39601
-46553
-55877
28677
25941
23929
-50941
26171
3499
-42671
38093
-1251
-22495
35289
-45661
-23987
22503
-55343
1189
57097
-13923
-59399
-37435
26035
49771
-27067
-62925
25031
-51951
-46525
-38419
-63217
39571
35573
-65189
-10359
133
54021
34215
38345
24803
-63041
18239
-27049
-18935
26789
28385
40481
45919
61507
-49487
48031
-63413
48433
-42135
44619
-28169
-61915
32193
55541
-1079
-46321
-42293
44407
-29283
62685
-3111
-2593
-40057
-3199
8077
26517
55395
-59343
-2519
-26685
-54117
-53579
-13039
-32497
-7991
-30705
60777
-13137
-60833
18713
-26413
-15593
-19333
-57529
-18335
7685
44241
-34483
-33883
-52987
-37131
18977
-58411
-11223
51235
33795
38611
26819
14323
21621
17307
-18345
34217
6825
32303
25825
17137
-26039
-11773
3213
-57157
17005
-42807
18831
-51141
-32995
-23591
7273
49495
-2551
-46637
-42717
42179
-42227
52791
20951
25533
-33857
-4009
60081
11649
-40035
-22249
-40703
-45543
-48715
5101
-59601
-65081
-8555
-54689
48521
-52801
-19461
-6269
27185
13155
14247
39769
60725
-45559
-58691
-54735
52607
37295
-7299
-57981
-38021
21101
20757
2875
27007
473
3875
-4837
2561
60597
5705
-10677
31229
-21241
-2021
-11085
38977
25651
6949
44083
-34695
-34997
-59459
-9311
-1783
-26527
-53905
-52465
-6567
-60317
-52769
-65043
-17629
21905
63313
-4757
52441
32095
27205
25625
23505
-53169
-52307
-6355
6331
-46337
-52269
-15429
-48147
31579
-32385
-3693
60505
13877
38443
53139
41327
16361
-51137
-30501
56903
-36581
1465
32581
35323
-57229
37647
-49963
13381
56857
-32495
-39511
-23205
18575
-14155
-7449
-53205
-9219
-9955
55425
-7871
-21419
-14703
-21457
-5629
33021
47527
15551
871
22659
-23611
60337
40197
65447
47879
38421
6655
24609
-20165
-52009
-49921
6801
17339
-63927
-42677
1585
41867
-40157
-15
-38257
5023
-9933
36375
-56647
40087
29629
-35831
43119
-45943
-35979
16375
-9641
21835
52435
61121
-60789
46147
7063
16861
-1523
-61019
1043
64367
29839
-3197
42091
-31561
51333
62131
-53627
-42967
50139
-59755
-62799
5291
-39437
-9833
33191
55221
-3997
2029
56565
-17955
48013
-41869
46635
49195
-58533
-54523
53721
43767
-35119
-37225
58669
48743
-12685
24387
-60281
-30323
4051
-26169
-60061
-24221
40439
52499
35491
-18015
10603
-4109
63265
-34685
-61529
43495
-8109
-5977
12645
-8835
-32667
-15685
-11161
57125
-61999
45353
3509
-3669
9935
-27403
-10285
13505
3103
38097
-64291
-7495
-49119
15343
2251
31147
-39601
-46553
-55877
28677
25941
23929
-50941
26171
3499
-42671
38093
-1251
-22495
35289
-45661
-23987
22503
-55343
1189
57097
-13923
-59399
-37435
26035
49771
-27067
-62925
25031
-51951
-46525
-38419
-63217
39571
35573
-65189
-10359
133
54021
34215
38345
24803
-63041
18239
-27049
-18935
26789
28385
40481
45919
61507
-49487
48031
-63413
48433
-42135
44619
-28169
-61915
32193
55541
-1079
-46321
-42293
44407
-29283
62685
-3111
-2593
-40057
-3199
8077
26517
55395
-59343
-2519
-26685
-54117
-53579
-13039
-32497
-7991
-30705
60777
-13137
-60833
18713
-26413
-15593
-19333
-57529
-18335
7685
44241
-34483
-33883
-52987
-37131
18977
-58411
-11223
51235
33795
38611
26819
14323
21621
17307
-18345
34217
6825
32303
25825
17137
-26039
-11773
3213
-57157
17005
-42807
18831
-51141
-32995
-23591
7273
49495
-2551
-46637
-42717
42179
-42227
52791
20951
25533
-33857
-4009
60081
11649
-40035
-22249
-40703
-45543
-48715
5101
-59601
-65081
-8555
-54689
48521
-52801
-19461
-6269
27185
13155
14247
39769
60725
-45559
-58691
-54735
52607
37295
-7299
-57981
-38021
21101
20757
2875
27007
473
3875
-4837
2561
60597
5705
-10677
31229
-21241
-2021
-11085
38977
25651
6949
44083
-34695
-34997
-59459
-9311
-1783
-26527
-53905
-52465
-6567
-60317
-52769
-65043
-17629
21905
63313
-4757
52441
32095
27205
25625
23505
-53169
-52307
-6355
6331
-46337
-52269
-15429
-48147
31579
-32385
-3693
60505
13877
38443
53139
41327
16361
-51137
-30501
56903
-36581
1465
32581
35323
-57229
37647
-49963
13381
56857
-32495
-39511
-23205
18575
-14155
-7449
-53205
-9219
-9955
55425
-7871
-21419
-14703
-21457
-5629
33021
47527
15551
871
22659
-23611
60337
40197
65447
47879
38421
6655
24609
-20165
-52009
-49921
6801
17339
-63927
-42677
1585
41867
-40157
-15
-38257
5023
-9933
36375
-56647
40087
29629
-35831
43119
-45943
-35979
16375
-9641
21835
52435
61121
-60789
46147
7063
16861
-1523
-61019
1043
64367
29839
-3197
42091
-31561
51333
62131
-53627
-42967
50139
-59755
-62799
5291
-39437
-9833
33191
55221
-3997
2029
56565
-17955
48013
-41869
46635
49195
-58533
-54523
53721
43767
-35119
-37225
58669
48743
-12685
24387
-60281
-30323
4051
-26169
-60061
-24221
40439
52499
35491
-18015
10603
-4109
63265
-34685
-61529
43495
-8109
-5977
12645
-8835
-32667
-15685
-11161
57125
-61999
45353
3509
-3669
9935
-27403
-10285
13505
3103
38097
-64291
-7495
-49119
15343
2251
31147
-39601
-46553
-55877
28677
25941
23929
-50941
26171
3499
-42671
38093
-1251
-22495
35289
-45661
-23987
22503
-55343
1189
57097
-13923
-59399
-37435
26035
49771
-27067
-62925
25031
-51951
-46525
-38419
-63217
39571
35573
-65189
-10359
133
54021
34215
38345
24803
-63041
18239
-27049
-18935
26789
28385
40481
45919
61507
-49487
48031
-63413
48433
-42135
44619
-28169
-61915
32193
55541
-1079
-46321
-42293
44407
-29283
62685
-3111
-2593
-40057
-3199
8077
26517
55395
-59343
-2519
-26685
-54117
-53579
-13039
-32497
-7991
-30705
60777
-13137
-60833
18713
-26413
-15593
-19333
-57529
-18335
7685
44241
-34483
-33883
-52987
-37131
18977
-58411
-11223
51235
33795
38611
26819
14323
21621
17307
-18345
34217
6825
32303
25825
17137
-26039
-11773
3213
-57157
17005
-42807
18831
-51141
-32995
-23591
7273
49495
-2551
-46637
-42717
42179
-42227
52791
20951
25533
-33857
-4009
60081
11649
-40035
-22249
-40703
-45543
-48715
5101
-59601
-65081
-8555
-54689
48521
-52801
-19461
-6269
27185
13155
14247
39769
60725
-45559
-58691
-54735
52607
37295
-7299
-57981
-38021
21101
20757
2875
27007
473
3875
-4837
2561
60597
5705
-10677
31229
-21241
-2021
-11085
38977
25651
6949
44083
-34695
-34997
-59459
-9311
-1783
-26527
-53905
-52465
-6567
-60317
-52769
-65043
-17629
21905
63313
-4757
52441
32095
27205
25625
23505
-53169
-52307
-6355
6331
-46337
-52269
-15429
-48147
31579
-32385
-3693
60505
13877
38443
53139
41327
16361
-51137
-30501
56903
-36581
1465
32581
35323
-57229
37647
-49963
13381
56857
-32495
-39511
-23205
18575
-14155
-7449
-53205
-9219
-9955
55425
-7871
-21419
-14703
-21457
-5629
33021
47527
15551
871
22659
-23611
60337
40197
65447
47879
38421
6655
24609
-20165
-52009
-49921
6801
17339
-63927
-42677
1585
41867
-40157
-15
-38257
5023
-9933
36375
-56647
40087
29629
-35831
43119
-45943
-35979
16375
-9641
21835
52435
61121
-60789
46147
7063
16861
-1523
-61019
1043
64367
29839
-3197
42091
-31561
51333
62131
-53627
-42967
50139
-59755
-62799
5291
-39437
-9833
33191
55221
-3997
2029
56565
-17955
48013
-41869
46635
49195
-58533
-54523
53721
43767
-35119
-37225
58669
48743
-12685
24387
-60281
-30323
4051
-26169
-60061
-24221
40439
52499
35491
-18015
10603
-4109
63265
-34685
-61529
43495
-8109
-5977
12645
-8835
-32667
-15685
-11161
57125
-61999
45353
3509
-3669
9935
-27403
-10285
13505
3103
38097
-64291
-7495
-49119
15343
2251
31147
-39601
-46553
-55877
28677
25941
23929
-50941
26171
3499
-42671
38093
-1251
-22495
35289
-45661
-23987
22503
-55343
1189
57097
-13923
-59399
-37435
26035
49771
-27067
-62925
25031
-51951
-46525
-38419
-63217
39571
35573
-65189
-10359
133
54021
34215
38345
24803
-63041
18239
-27049
-18935
26789
28385
40481
45919
61507
-49487
48031
-63413
48433
-42135
44619
-28169
-61915
32193
55541
-1079
-46321
-42293
44407
-29283
62685
-3111
-2593
-40057
-3199
8077
26517
55395
-59343
-2519
-26685
-54117
-53579
-13039
-32497
-7991
-30705
60777
-13137
-60833
18713
-26413
-15593
-19333
-57529
-18335
7685
44241
-34483
-33883
-52987
-37131
18977
-58411
-11223
51235
33795
38611
26819
14323
21621
17307
-18345
34217
6825
32303
25825
17137
-26039
-11773
3213
-57157
17005
-42807
18831
-51141
-32995
-23591
7273
49495
-2551
-46637
-42717
42179
-42227
52791
20951
25533
-33857
-4009
60081
11649
-40035
-22249
-40703
-45543
-48715
5101
-59601
-65081
-8555
-54689
48521
-52801
-19461
-6269
27185
13155
14247
39769
60725
-45559
-58691
-54735
52607
37295
-7299
-57981
-38021
21101
20757
2875
27007
473
3875
-4837
2561
60597
5705
-10677
31229
-21241
-2021
-11085
38977
25651
6949
44083
-34695
-34997
-59459
-9311
-1783
-26527
-53905
-52465
-6567
-60317
-52769
-65043
-17629
21905
63313
-4757
52441
32095
27205
25625
23505
-53169
-52307
-6355
6331
-46337
-52269
-15429
-48147
31579
-32385
-3693
60505
13877
38443
53139
41327
16361
-51137
-30501
56903
-36581
1465
32581
35323
-57229
37647
-49963
13381
56857
-32495
-39511
-23205
18575
-14155
-7449
-53205
-9219
-9955
55425
-7871
-21419
-14703
-21457
-5629
33021
47527
15551
871
22659
-23611
60337
40197
65447
47879
38421
6655
24609
-20165
-52009
-49921
6801
17339
-63927
-42677
1585
41867
-40157
-15
-38257
5023
-9933
36375
-56647
40087
29629
-35831
43119
-45943
-35979
16375
-9641
21835
52435
61121
-60789
46147
7063
16861
-1523
-61019
1043
64367
29839
-3197
42091
-31561
51333
62131
-53627
-42967
50139
-59755
-62799
5291
-39437
-9833
33191
55221
-3997
2029
56565
-17955
48013
-41869
46635
49195
-58533
-54523
53721
43767
-35119
-37225
58669
48743
-12685
24387
-60281
-30323
4051
-26169
-60061
-24221
40439
52499
35491
-18015
10603
-4109
63265
-34685
-61529
43495
-8109
-5977
12645
-8835
-32667
-15685
-11161
57125
-61999
45353
3509
-3669
9935
-27403
-10285
13505
3103
38097
-64291
-7495
-49119
15343
2251
31147
-39601
-46553
-55877
28677
25941
23929
-50941
26171
3499
-42671
38093
-1251
-22495
35289
-45661
-23987
22503
-55343
1189
57097
-13923
-59399
-37435
26035
49771
-27067
-62925
25031
-51951
-46525
-38419
-63217
39571
35573
-65189
-10359
133
54021
34215
38345
24803
-63041
18239
-27049
-18935
26789
28385
40481
45919
61507
-49487
48031
-63413
48433
-42135
44619
-28169
-61915
32193
55541
-1079
-46321
-42293
44407
-29283
62685
-3111
-2593
-40057
-3199
8077
26517
55395
-59343
-2519
-26685
-54117
-53579
-13039
-32497
-7991
-30705
60777
-13137
-60833
18713
-26413
-15593
-19333
-57529
-18335
7685
44241
-34483
-33883
-52987
-37131
18977
-58411
-11223
51235
33795
38611
26819
14323
21621
17307
-18345
34217
6825
32303
25825
17137
-26039
-11773
3213
-57157
17005
-42807
18831
-51141
-32995
-23591
7273
49495
-2551
-46637
-42717
42179
-42227
52791
20951
25533
-33857
-4009
60081
11649
-40035
-22249
-40703
-45543
-48715
5101
-59601
-65081
-8555
-54689
48521
-52801
-19461
-6269
27185
13155
14247
39769
60725
-45559
-58691
-54735
52607
37295
-7299
-57981
-38021
21101
20757
2875
27007
473
3875
-4837
2561
60597
5705
-10677
31229
-21241
-2021
-11085
38977
25651
6949
44083
-34695
-34997
-59459
-9311
-1783
-26527
-53905
-52465
-6567
-60317
-52769
-65043
-17629
21905
63313
-4757
52441
32095
27205
25625
23505
-53169
-52307
-6355
6331
-46337
-52269
-15429
-48147
31579
-32385
-3693
60505
13877
38443
53139
41327
16361
-51137
-30501
56903
-36581
1465
32581
35323
-57229
37647
-49963
13381
56857
-32495
-39511
-23205
18575
-14155
-7449
-53205
-9219
-9955
55425
-7871
-21419
-14703
-21457
-5629
33021
47527
15551
871
22659
-23611
60337
40197
65447
47879
38421
6655
24609
-20165
-52009
-49921
6801
17339
-63927
-42677
1585
41867
-40157
-15
-38257
5023
-9933
36375
-56647
40087
29629
-35831
43119
-45943
-35979
16375
-9641
21835
52435
61121
-60789
46147
7063
16861
-1523
-61019
1043
64367
29839
-3197
42091
-31561
51333
62131
-53627
-42967
50139
-59755
-62799
5291
-39437
-9833
33191
55221
-3997
2029
56565
-17955
48013
-41869
46635
49195
-58533
-54523
53721
43767
-35119
-37225
58669
48743
-12685
24387
-60281
-30323
4051
-26169
-60061
-24221
40439
52499
35491
-18015
10603
-4109
63265
-34685
-61529
43495
-8109
-5977
12645
-8835
-32667
-15685
-11161
57125
-61999
45353
3509
-3669
9935
-27403
-10285
13505
3103
38097
-64291
-7495
-49119
15343
2251
31147
-39601
-46553
-55877
28677
25941
23929
-50941
26171
3499
-42671
38093
-1251
-22495
35289
-45661
-23987
22503
-55343
1189
57097
-13923
-59399
-37435
26035
49771
-27067
-62925
25031
-51951
-46525
-38419
-63217
39571
35573
-65189
-10359
133
54021
34215
38345
24803
-63041
18239
-27049
-18935
26789
28385
40481
45919
61507
-49487
48031
-63413
48433
-42135
44619
-28169
-61915
32193
55541
-1079
-46321
-42293
44407
-29283
62685
-3111
-2593
-40057
-3199
8077
26517
55395
-59343
-2519
-26685
-54117
-53579
-13039
-32497
-7991
-30705
60777
-13137
-60833
18713
-26413
-15593
-19333
-57529
-18335
7685
44241
-34483
-33883
-52987
-37131
18977
-58411
-11223
51235
33795
38611
26819
14323
21621
17307
-18345
34217
6825
32303
25825
17137
-26039
-11773
3213
-57157
17005
-42807
18831
-51141
-32995
-23591
7273
49495
-2551
-46637
-42717
42179
-42227
52791
20951
25533
-33857
-4009
60081
11649
-40035
-22249
-40703
-45543
-48715
5101
-59601
-65081
-8555
-54689
48521
-52801
-19461
-6269
27185
13155
14247
39769
60725
-45559
-58691
-54735
52607
37295
-7299
-57981
-38021
21101
20757
2875
27007
473
3875
-4837
2561
60597
5705
-10677
31229
-21241
-2021
-11085
38977
25651
6949
44083
-34695
-34997
-59459
-9311
-1783
-26527
-53905
-52465
-6567
-60317
-52769
-65043
-17629
21905
63313
-4757
52441
32095
27205
25625
23505
-53169
-52307
-6355
6331
-46337
-52269
-15429
-48147
31579
-32385
-3693
60505
13877
38443
53139
41327
16361
-51137
-30501
56903
-36581
1465
32581
35323
-57229
37647
-49963
13381
56857
-32495
-39511
-23205
18575
-14155
-7449
-53205
-9219
-9955
55425
-7871
-21419
-14703
-21457
-5629
33021
47527
15551
871
22659
-23611
60337
40197
65447
47879
38421
6655
24609
-20165
-52009
-49921
6801
17339
-63927
-42677
1585
41867
-40157
-15
-38257
5023
-9933
36375
-56647
40087
29629
-35831
43119
-45943
-35979
16375
-9641
21835
52435
61121
-60789
46147
7063
16861
-1523
-61019
1043
64367
29839
-3197
42091
-31561
51333
62131
-53627
-42967
50139
-59755
-62799
5291
-39437
-9833
33191
55221
-3997
2029
56565
-17955
48013
-41869
46635
49195
-58533
-54523
53721
43767
-35119
-37225
58669
48743
-12685
24387
-60281
-30323
4051
-26169
-60061
-24221
40439
52499
35491
-18015
10603
-4109
63265
-34685
-61529
43495
-8109
-5977
12645
-8835
-32667
-15685
-11161
57125
-61999
45353
3509
-3669
9935
-27403
-10285
13505
3103
38097
-64291
-7495
-49119
15343
2251
31147
-39601
-46553
-55877
28677
25941
23929
-50941
26171
3499
-42671
38093
-1251
-22495
35289
-45661
-23987
22503
-55343
1189
57097
-13923
-59399
-37435
26035
49771
-27067
-62925
25031
-51951
-46525
-38419
-63217
39571
35573
-65189
-10359
133
54021
34215
38345
24803
-63041
18239
-27049
-18935
26789
28385
40481
45919
61507
-49487
48031
-63413
48433
-42135
44619
-28169
-61915
32193
55541
-1079
-46321
-42293
44407
-29283
62685
-3111
-2593
-40057
-3199
8077
26517
55395
-59343
-2519
-26685
-54117
-53579
-13039
-32497
-7991
-30705
60777
-13137
-60833
18713
-26413
-15593
-19333
-57529
-18335
7685
44241
-34483
-33883
-52987
-37131
18977
-58411
-11223
51235
33795
38611
26819
14323
21621
17307
-18345
34217
6825
32303
25825
17137
-26039
-11773
3213
-57157
17005
-42807
18831
-51141
-32995
-23591
7273
49495
-2551
-46637
-42717
42179
-42227
52791
20951
25533
-33857
-4009
60081
11649
-40035
-22249
-40703
-45543
-48715
5101
-59601
-65081
-8555
-54689
48521
-52801
-19461
-6269
27185
13155
14247
39769
60725
-45559
-58691
-54735
52607
37295
-7299
-57981
-38021
21101
20757
2875
27007
473
3875
-4837
2561
60597
5705
-10677
31229
-21241
-2021
-11085
38977
25651
6949
44083
-34695
-34997
-59459
-9311
-1783
-26527
-53905
-52465
-6567
-60317
-52769
-65043
-17629
21905
63313
-4757
52441
32095
27205
25625
23505
-53169
-52307
-6355
6331
-46337
-52269
-15429
-48147
31579
-32385
-3693
60505
13877
38443
53139
41327
16361
-51137
-30501
56903
-36581
1465
32581
35323
-57229
37647
-49963
13381
56857
-32495
-39511
-23205
18575
-14155
-7449
-53205
-9219
-9955
55425
-7871
-21419
-14703
-21457
-5629
33021
47527
15551
871
22659
-23611
60337
40197
65447
47879
38421
6655
24609
-20165
-52009
-49921
6801
17339
-63927
-42677
1585
41867
-40157
-15
-38257
5023
-9933
36375
-56647
40087
29629
-35831
43119
-45943
-35979
16375
-9641
21835
52435
61121
-60789
46147
7063
16861
-1523
-61019
1043
64367
29839
-3197
42091
-31561
51333
62131
-53627
-42967
50139
-59755
-62799
5291
-39437
-9833
33191
55221
-3997
2029
56565
-17955
48013
-41869
46635
49195
-58533
-54523
53721
43767
-35119
-37225
58669
48743
-12685
24387
-60281
-30323
4051
-26169
-60061
-24221
40439
52499
35491
-18015
10603
-4109
63265
-34685
-61529
43495
-8109
-5977
12645
-8835
-32667
-15685
-11161
57125
-61999
45353
3509
-3669
9935
-27403
-10285
13505
3103
38097
-64291
-7495
-49119
15343
2251
31147
-39601
-46553
-55877
28677
25941
23929
-50941
26171
3499
-42671
38093
-1251
-22495
35289
-45661
-23987
22503
-55343
1189
57097
-13923
-59399
-37435
26035
49771
-27067
-62925
25031
-51951
-46525
-38419
-63217
39571
35573
-65189
-10359
133
54021
34215
38345
24803
-63041
18239
-27049
-18935
26789
28385
40481
45919
61507
-49487
48031
-63413
48433
-42135
44619
-28169
-61915
32193
55541
-1079
-46321
-42293
44407
-29283
62685
-3111
-2593
-40057
-3199
8077
26517
55395
-59343
-2519
-26685
-54117
-53579
-13039
-32497
-7991
-30705
60777
-13137
-60833
18713
-26413
-15593
-19333
-57529
-18335
7685
44241
-34483
-33883
-52987
-37131
18977
-58411
-11223
51235
33795
38611
26819
14323
21621
17307
-18345
34217
6825
32303
25825
17137
-26039
-11773
3213
-57157
17005
-42807
18831
-51141
-32995
-23591
7273
49495
-2551
-46637
-42717
42179
-42227
52791
20951
25533
-33857
-4009
60081
11649
-40035
-22249
-40703
-45543
-48715
5101
-59601
-65081
-8555
-54689
48521
-52801
-19461
-6269
27185
13155
14247
39769
60725
-45559
-58691
-54735
52607
37295
-7299
-57981
-38021
21101
20757
2875
27007
473
3875
-4837
2561
60597
5705
-10677
31229
-21241
-2021
-11085
38977
25651
6949
44083
-34695
-34997
-59459
-9311
-1783
-26527
-53905
-52465
-6567
-60317
-52769
-65043
-17629
21905
63313
-4757
52441
32095
27205
25625
23505
-53169
-52307
-6355
6331
-46337
-52269
-15429
-48147
31579
-32385
-3693
60505
13877
38443
53139
41327
16361
-51137
-30501
56903
-36581
1465
32581
35323
-57229
37647
-49963
13381
56857
-32495
-39511
-23205
18575
-14155
-7449
-53205
-9219
-9955
55425
-7871
-21419
-14703
-21457
-5629
33021
47527
15551
871
22659
-23611
60337
40197
65447
47879
38421
6655
24609
-20165
-52009
-49921
6801
17339
-63927
-42677
1585
41867
-40157
-15
-38257
5023
-9933
36375
-56647
40087
29629
-35831
43119
-45943
-35979
16375
-9641
21835
52435
61121
-60789
46147
7063
16861
-1523
-61019
1043
64367
29839
-3197
42091
-31561
51333
62131
-53627
-42967
50139
-59755
-62799
5291
-39437
-9833
33191
55221
-3997
2029
56565
-17955
48013
-41869
46635
49195
-58533
-54523
53721
43767
-35119
-37225
58669
48743
-12685
24387
-60281
-30323
4051
-26169
-60061
-24221
40439
52499
35491
-18015
10603
-4109
63265
-34685
-61529
43495
-8109
-5977
12645
-8835
-32667
-15685
-11161
57125
-61999
45353
3509
-3669
9935
-27403
-10285
13505
3103
38097
-64291
-7495
-49119
15343
2251
31147
-39601
-46553
-55877
28677
25941
23929
-50941
26171
3499
-42671
38093
-1251
-22495
35289
-45661
-23987
22503
-55343
1189
57097
-13923
-59399
-37435
26035
49771
-27067
-62925
25031
-51951
-46525
-38419
-63217
39571
35573
-65189
-10359
133
54021
34215
38345
24803
-63041
18239
-27049
-18935
26789
28385
40481
45919
61507
-49487
48031
-63413
48433
-42135
44619
-28169
-61915
32193
55541
-1079
-46321
-42293
44407
-29283
62685
-3111
-2593
-40057
-3199
8077
26517
55395
-59343
-2519
-26685
-54117
-53579
-13039
-32497
-7991
-30705
60777
-13137
-60833
18713
-26413
-15593
-19333
-57529
-18335
7685
44241
-34483
-33883
-52987
-37131
18977
-58411
-11223
51235
33795
38611
26819
14323
21621
17307
-18345
34217
6825
32303
25825
17137
-26039
-11773
3213
-57157
17005
-42807
18831
-51141
-32995
-23591
7273
49495
-2551
-46637
-42717
42179
-42227
52791
20951
25533
-33857
-4009
60081
11649
-40035
-22249
-40703
-45543
-48715
5101
-59601
-65081
-8555
-54689
48521
-52801
-19461
-6269
27185
13155
14247
39769
60725
-45559
-58691
-54735
52607
37295
-7299
-57981
-38021
21101
20757
2875
27007
473
3875
-4837
2561
60597
5705
-10677
31229
-21241
-2021
-11085
38977
25651
6949
44083
-34695
-34997
-59459
-9311
-1783
-26527
-53905
-52465
-6567
-60317
-52769
-65043
-17629
21905
63313
-4757
52441
32095
27205
25625
23505
-53169
-52307
-6355
6331
-46337
-52269
-15429
-48147
31579
-32385
-3693
60505
13877
38443
53139
41327
16361
-51137
-30501
56903
-36581
1465
32581
35323
-57229
37647
-49963
13381
56857
-32495
-39511
-23205
18575
-14155
-7449
-53205
-9219
-9955
55425
-7871
-21419
-14703
-21457
-5629
33021
47527
15551
871
22659
-23611
60337
40197
65447
47879
38421
6655
24609
-20165
-52009
-49921
6801
17339
-63927
-42677
1585
41867
-40157
-15
-38257
5023
-9933
36375
-56647
40087
29629
-35831
43119
-45943
-35979
16375
-9641
21835
52435
61121
-60789
46147
7063
16861
-1523
-61019
1043
64367
29839
-3197
42091
-31561
51333
62131
-53627
-42967
50139
-59755
-62799
5291
-39437
-9833
33191
55221
-3997
2029
56565
-17955
48013
-41869
46635
49195
-58533
-54523
53721
43767
-35119
-37225
58669
48743
-12685
24387
-60281
-30323
4051
-26169
-60061
-24221
40439
52499
35491
-18015
10603
-4109
63265
-34685
-61529
43495
-8109
-5977
12645
-8835
-32667
-15685
-11161
57125
-61999
45353
3509
-3669
9935
-27403
-10285
13505
3103
38097
-64291
-7495
-49119
15343
2251
31147
-39601
-46553
-55877
28677
25941
23929
-50941
26171
3499
-42671
38093
-1251
-22495
35289
-45661
-23987
22503
-55343
1189
57097
-13923
-59399
-37435
26035
49771
-27067
-62925
25031
-51951
-46525
-38419
-63217
39571
35573
-65189
-10359
133
54021
34215
38345
24803
-63041
18239
-27049
-18935
26789
28385
40481
45919
61507
-49487
48031
-63413
48433
-42135
44619
-28169
-61915
32193
55541
-1079
-46321
-42293
44407
-29283
62685
-3111
-2593
-40057
-3199
8077
26517
55395
-59343
-2519
-26685
-54117
-53579
-13039
-32497
-7991
-30705
60777
-13137
-60833
18713
-26413
-15593
-19333
-57529
-18335
7685
44241
-34483
-33883
-52987
-37131
18977
-58411
-11223
51235
33795
38611
26819
14323
21621
17307
-18345
34217
6825
32303
25825
17137
-26039
-11773
3213
-57157
17005
-42807
18831
-51141
-32995
-23591
7273
49495
-2551
-46637
-42717
42179
-42227
52791
20951
25533
-33857
-4009
60081
11649
-40035
-22249
-40703
-45543
-48715
5101
-59601
-65081
-8555
-54689
48521
-52801
-19461
-6269
27185
13155
14247
39769
60725
-45559
-58691
-54735
52607
37295
-7299
-57981
-38021
21101
20757
2875
27007
473
3875
-4837
2561
60597
5705
-10677
31229
-21241
-2021
-11085
38977
25651
6949
44083
-34695
-34997
-59459
-9311
-1783
-26527
-53905
-52465
-6567
-60317
-52769
-65043
-17629
21905
63313
-4757
52441
32095
27205
25625
23505
-53169
-52307
-6355
6331
-46337
-52269
-15429
-48147
31579
-32385
-3693
60505
13877
38443
53139
41327
16361
-51137
-30501
56903
-36581
1465
32581
35323
-57229
37647
-49963
13381
56857
-32495
-39511
-23205
18575
-14155
-7449
-53205
-9219
-9955
55425
-7871
-21419
-14703
-21457
-5629
33021
47527
15551
871
22659
-23611
60337
40197
65447
47879
38421
6655
24609
-20165
-52009
-49921
6801
17339
-63927
-42677
1585
41867
-40157
-15
-38257
5023
-9933
36375
-56647
40087
29629
-35831
43119
-45943
-35979
16375
-9641
21835
52435
61121
-60789
46147
7063
16861
-1523
-61019
1043
64367
29839
-3197
42091
-31561
51333
62131
-53627
-42967
50139
-59755
-62799
5291
-39437
-9833
33191
55221
-3997
2029
56565
-17955
48013
-41869
46635
49195
-58533
-54523
53721
43767
-35119
-37225
58669
48743
-12685
24387
-60281
-30323
4051
-26169
-60061
-24221
40439
52499
35491
-18015
10603
-4109
63265
-34685
